41069025
41069043
41069048
41125700
41125731
41125760
41142280
41159504
41159525
41159530
41159541
41159555
41159572
41254246
41254386
41254402
41254432
42444950
42444954
42444976
42445026
42445031
42445429
42445981
42445984
42446049
42446056
42446103
42446116
42446151
42446167
42446517
42446529
42446535
42446541
42897508
42897528
42897538
42897550
42897554
42897564
42897629
42897647
42897688
42897692
42898486
42898527
42898544
42898581
42898817
42898826
42898849
42898869
42899461
42899612
42899617
42899685
42899696
42899698
42899712
42899720
42899725
42899729
42899739
44358436
44358442
44358451
44358499
44358518
44358536
44358582
45260856
45260900
45260905
45260928
45261121
45261142
45261150
45261182
45261575
45261594
45261620
45261637
45662924
45662943
45662970
45662987
45663105
45663114
45663154
45663164
47115460
47115469
47115525
47115543
47204552
47204566
47204578
47204607
47331063
47331068
47331262
47331316
47331319
47331331
47331336
47331644
47331654
47331668
47331970
47331972
47331990
47332005
47332886
47332899
47332901
47332908
47332918
47333436
47333441
47333457
47333899
47333918
47333924
47333932
47333940
47334096
47334103
47334107
47334117
47334238
47334239
47334254
47334362
47334372
47334380
47429904
47429912
47429922
47429977
47429992
47429998
47430007
47430023
47430034
47430038
47430048
47430422
47430468
47430475
