40958733
40958767
41048083
41048158
41048193
41048225
41048230
41069053
41069175
41097994
41098001
41098110
41098140
41098190
41124824
41125040
41125231
41125642
41125829
41125923
41125976
41126312
41126417
41126645
41126665
41126705
41126757
41126819
41126860
41126944
41127057
41127074
41159362
41159382
41159412
41159493
41159703
41159772
41159828
41254615
41254697
41418155
42444696
42444751
42444767
42444793
42444819
42445071
42445081
42445092
42445173
42445494
42445513
42445615
42445689
42445720
42445728
42445848
42445862
42445902
42446039
42446050
42446442
42446478
42446488
42446495
42446588
42446607
42447221
42447230
42447275
42447308
42897405
42897480
42897607
42897666
42897737
42897849
42897851
42897876
42897967
42897971
42897986
42898037
42898061
42898100
42898141
42898163
42898216
42898360
42898370
42898635
42898684
42898701
42898714
42898738
42898760
42898785
42898792
42898917
42898966
42898972
42899003
42899071
42899120
42899132
42899154
42899175
42899264
42899265
42899284
42899333
42899357
42899490
42899550
42899640
42899670
42899844
42899854
42899936
42899975
42923229
43649408
43649426
43649451
43649590
43649598
43649609
43649634
43649647
43649662
43649732
43649802
43828168
43828265
43828311
43828324
43828554
43895911
43895943
43895947
43895960
43896024
43896066
43896101
43896133
43896176
43896188
43896330
43896344
43896378
43896384
43896517
43896538
44358230
44358259
44358281
44358297
44358333
44358630
44358661
44796208
44796216
44796254
44796279
44796358
44796374
44796427
44796446
44796575
44796596
45260981
45260999
45261060
45261108
45261228
45261241
45261294
45261329
45261533
45261598
45261725
45662813
45662908
45663044
45663053
45663206
45663317
45663387
47115148
47115180
47115197
47115222
47115379
47115412
47115422
47115482
47115518
47115624
47115650
47204271
47204350
47204449
47204656
47204678
47204686
47204763
47204783
47204828
47204836
47204856
47204888
47330995
47331010
47331028
47331093
47331211
47331281
47331347
47331380
47331393
47331476
47331491
47331557
47331710
47331771
47331880
47331889
47331901
47331918
47332469
47332501
47332552
47332591
47332819
47332952
47332990
47333175
47333249
47333292
47333372
47333473
47333497
47333574
47333589
47333618
47333659
47333699
47333997
47334004
47334032
47334040
47334185
47334205
47334305
47334326
47334461
47334917
47334921
47334958
47429665
47429682
47429720
47429766
47429786
47429827
47429854
47429860
47429871
47429941
47430097
47430130
47430165
47430199
47430313
47430399
47430414
47430427
47430552
47430590
47430640
47430658
47430713
47430740
47430818
47430848
47430896
47430900
47430917
47430978
47431103
47431167
47669856
47669968
47669980
47670057
47670171
47670233
47670244
47670293
47895231
47895258
47895279
47895318
47895446
47895476
47895478
47895591
47895680
47895700
47895713
47895818
47895825
47895866
47895876
47895900
47895979
48017963
48018018
48018023
48018098
48018113
48018156
48018187
48018203
48018210
48018227
48018273
48018311
48018415
48018456
48018473
48018509
48018512
48018616
48018750
48018758
48018771
48018811
48018815
48018846
48018883
48018889
48018915
48018937
48458330
48458369
48458500
